37.6778 25.5901 11.622 3.01451 -6.26607 -22.0195 40.9258 32.5066 14.6546 3.30871 -8.71307 -29.0535 41.4638 36.7336 20.7202 3.49795 -14.4693 -33.2108 3.41306 0.155865 0.565625 1.59049 1.47035 1.61626 -0.565161 -1.9186 -0.442676 1.31894 1.49871 0.475698 -2.51702 -3.0826 -1.35391 0.751136 1.2204 -0.351052 6.45605 2.37118 0.95767 
1.12956 0.575331 0.13354 -0.00996103 -0.154669 -0.590112 1.21956 0.793738 0.240619 -0.0144194 -0.261483 -0.808435 1.22762 0.980664 0.470638 -0.0119642 -0.489109 -0.992577 -0.00851953 -0.0298446 -0.0296783 -0.0212074 0.00465986 0.0170313 0.0181717 -0.0304209 -0.042816 -0.0242303 0.0275985 0.0526868 0.0390816 -0.0188777 -0.0440744 -0.0162464 0.0469524 0.0764668 -0.0431765 -0.0203017 -0.00894723 
11.2033 7.50473 3.13881 0.0518376 -3.14475 -7.66513 13.2315 9.95595 4.34031 0.0669633 -4.18133 -10.0019 13.8104 11.6071 6.1865 0.154672 -5.87346 -11.4943 -2.34396 -1.48865 -1.54245 -1.7557 -1.45949 -1.38471 0.204318 -0.260651 -1.41334 -1.82921 -1.14288 0.0601943 1.60723 0.53026 -1.13267 -1.73004 -0.752889 0.939451 -6.58575 -2.82096 -1.40992 
32.8456 26.1976 13.6907 1.75513 -10.6253 -24.5199 44.0374 36.7013 21.0743 1.86488 -18.0494 -35.4191 49.829 43.0613 25.4948 1.54778 -22.8721 -41.7471 -6.59412 -10.9269 -12.1649 -11.7593 -12.5841 -11.3364 -2.06438 -8.26544 -15.8795 -18.672 -17.5889 -9.76172 -0.202361 -5.61663 -16.3338 -21.8429 -18.2404 -7.40662 -35.0843 -20.0853 -13.2214 
3.41015 4.72633 4.14188 0.426094 -3.93816 -5.4296 15.2557 14.5004 8.5082 0.621524 -7.66441 -14.6886 25.0612 22.249 12.9078 0.753132 -11.6473 -21.7452 -4.51153 -4.10924 -1.31719 0.342159 -0.465383 -3.51887 -15.4982 -11.3449 -2.4623 1.29028 -0.449111 -9.2468 -19.8038 -14.9291 -4.27078 1.32335 -1.83842 -12.3161 -3.29727 -4.64098 -4.57798 
29.9782 24.8103 10.778 -0.521585 -11.5079 -24.8317 48.6323 38.917 15.4144 -0.834947 -16.5328 -39.4134 55.8926 47.2665 23.7415 -0.86805 -25.1051 -48.044 -25.1392 -9.71022 -1.47517 -0.337355 -1.76055 -10.7972 -28.6229 -13.9974 -1.00944 0.550675 -1.85726 -15.8041 -25.3928 -15.8388 -3.08234 0.657569 -4.30379 -17.2838 -24.5514 -14.986 -10.2775 
40.6996 30.1013 11.5409 -1.23696 -13.7756 -31.2101 57.3272 44.2242 16.0291 -1.62698 -18.9436 -46.1072 62.9865 52.6808 25.5303 -1.73466 -28.6223 -54.5858 31.7413 9.49165 1.21678 0.503375 1.81146 11.7282 27.9545 11.7523 -0.334703 -1.12145 0.920901 14.3098 21.8381 12.3818 0.72069 -2.15998 2.62393 14.5424 31.4461 16.4481 10.2803 
30.4831 21.3517 7.55206 -2.75622 -12.0941 -23.8554 42.2343 32.464 14.4773 -2.6695 -18.7653 -34.4135 47.9613 39.4792 20.5142 -2.24176 -24.212 -41.3504 4.50455 7.71437 10.5242 11.4753 11.9544 9.4558 -0.0488202 4.65803 12.187 15.1459 13.7153 6.70342 -2.41206 1.77737 10.9908 15.8101 12.6122 3.64756 31.4836 16.9515 10.6051 
17.306 12.1281 5.21265 0.119085 -5.11213 -12.2839 22.5187 17.6071 7.46044 0.133483 -7.32367 -17.6926 25.0776 21.2964 11.1277 0.136109 -10.9268 -21.2396 -0.332023 -0.187319 0.14897 0.321672 0.210107 -0.108983 -0.012475 -0.125111 0.193778 0.543332 0.417175 0.124929 -0.046868 -0.125573 0.185161 0.567516 0.5623 0.25238 -0.208749 0.0956783 0.140176 
8.79449 2.58313 -0.13903 0.894713 1.94287 -3.39883 11.9476 6.75558 2.18365 2.42227 1.72834 -6.06061 11.973 10.3253 6.47815 3.2454 -1.07293 -7.75437 1.319 3.32036 4.4273 4.76979 2.47068 -1.39947 0.687317 7.34694 11.5008 10.9456 3.76762 -3.20685 0.0600669 9.3527 15.6865 13.604 4.01957 -3.23638 5.34792 4.88046 4.19717 
16.8057 18.1323 11.4894 1.88326 -8.33117 -18.0281 38.2556 34.124 17.6486 2.23326 -13.3017 -32.3553 49.3847 43.8634 25.0632 2.57353 -20.3429 -41.3863 18.7122 11.7089 2.76626 0.161848 0.683753 8.06647 28.0453 17.9641 2.73628 -1.73863 -0.453614 13.1332 26.8922 19.4988 4.43774 -2.81247 0.92147 15.3493 19.1672 13.5466 9.82781 
16.8751 6.59465 0.863224 0.399199 -0.569514 -7.64724 8.99873 3.61201 0.0676198 0.580037 0.612688 -3.98238 2.65705 1.55666 0.462597 0.655743 0.537407 -1.20765 15.2995 6.99243 1.49577 0.278624 2.50493 9.17934 17.6606 8.79234 0.167956 -1.43208 2.00575 11.8921 16.1101 9.13579 0.259036 -2.12854 2.73619 11.9796 18.998 10.8245 7.11325 
3.01598 7.06486 5.04808 -1.21584 -5.57173 -5.45776 18.452 19.2048 9.73193 -1.90446 -11.2499 -18.1339 31.6688 27.7263 14.5617 -1.74404 -16.8475 -28.3581 3.54604 4.47776 0.307205 -0.425238 1.72687 4.41042 18.8514 11.5379 -0.255448 -1.8115 3.20523 13.7697 24.7204 14.7705 0.993903 -2.38693 5.31457 18.6689 2.13129 5.08559 5.38344 
19.3883 10.4626 5.97113 5.56349 -0.675729 -12.1116 27.7857 20.2004 11.5114 5.44895 -4.70995 -19.751 30.8967 26.7935 16.6831 4.29001 -9.97092 -24.1582 7.39268 14.3626 14.4259 9.54991 2.75108 0.695655 6.28629 18.1868 20.3411 12.1781 1.13576 -2.67282 4.82002 17.61 21.046 12.3451 -0.0632698 -4.13896 25.6215 15.325 10.2168 
4.11824 1.62052 1.6867 2.39898 -1.20502 -5.68485 11.668 8.19666 6.5177 4.63038 -2.62814 -11.3374 17.6334 15.9514 11.5749 4.89486 -4.75912 -14.1071 3.03284 2.56451 2.78748 0.956044 -1.43138 1.24622 9.69693 10.6932 7.63961 1.02391 -3.94503 1.85898 12.7017 16.2542 10.5704 0.689349 -4.35656 1.96723 2.11226 3.07299 3.15166 
4.08633 3.15767 1.66164 0.147523 -1.52676 -3.3142 7.29072 5.93542 3.01519 0.243592 -2.68353 -6.00857 9.42489 8.11518 4.58901 0.311574 -4.08151 -7.93318 1.93219 1.37484 0.495699 0.0743036 0.247643 1.17005 4.03378 2.89659 0.744171 -0.234433 0.135913 2.28453 4.84069 3.74133 1.11682 -0.387039 0.317766 2.91557 2.15243 1.68791 1.37374 
10.1727 7.43147 9.36581 5.90944 -4.90938 -13.3063 23.6682 19.8564 16.6709 8.0008 -8.4882 -22.2581 32.9277 30.4049 21.7201 7.30613 -11.3095 -26.7964 8.14834 7.57309 5.64285 -0.993782 -2.72165 3.27587 17.1905 17.7555 8.6785 -3.81138 -7.03098 4.32048 19.7399 21.7868 9.6249 -5.18228 -8.20835 4.49036 8.22938 6.97713 5.58876 
6.28756 2.49194 0.405509 0.380586 0.299171 -2.40111 4.1775 2.11996 0.49335 0.648129 0.648135 -1.63451 2.13872 1.77623 1.08231 0.823352 0.339775 -1.00845 2.46303 2.52344 1.99845 1.56236 0.991758 0.941257 2.69284 3.46132 2.89397 1.91123 0.651171 0.733563 2.59746 3.85545 3.47373 1.97962 0.473951 0.695565 5.52641 3.17463 2.13027 
8.41479 11.2508 7.21574 -0.0408912 -7.12948 -10.8221 28.559 26.3434 13.0101 -0.277779 -13.0404 -25.9367 42.2625 36.6844 19.7593 -0.305689 -20.0755 -36.7555 -9.43755 -7.28381 -1.72833 -0.172583 -1.68755 -7.09593 -25.919 -16.2178 -2.69734 0.261386 -3.00826 -16.5514 -29.6706 -20.1316 -5.34306 -0.0816181 -6.08759 -20.8157 -8.10256 -9.46054 -8.528 
29.9563 17.9777 2.22552 -8.53092 -14.5891 -21.9105 32.027 21.7485 2.9178 -11.2454 -18.77 -26.343 31.0791 21.8803 5.32546 -10.661 -22.2503 -29.9416 -12.2787 -18.9845 -15.7427 -10.9362 -6.19131 -5.70023 -11.9593 -24.0656 -22.9693 -13.1404 -4.07838 -2.43014 -11.275 -23.0828 -23.7646 -13.64 -2.77225 -1.15769 -37.0944 -21.4946 -14.2855 
34.5037 17.8634 1.25634 -9.64092 -17.5805 -27.801 38.5916 24.3464 3.79329 -10.234 -21.1874 -33.6239 39.3013 28.0653 8.40847 -10.2027 -26.0657 -37.7037 -6.25136 0.305004 1.45142 -0.0244936 -3.7487 -7.32573 -6.00219 1.42987 3.73174 0.622573 -5.20247 -9.15377 -5.74406 1.46048 4.28869 0.400368 -6.30075 -9.59573 -9.57202 -4.29025 -2.62224 
12.7527 7.60494 3.53921 2.41761 -0.78378 -7.40767 18.6355 13.8652 7.10953 2.21533 -4.10315 -13.0455 21.2896 18.2745 10.8261 1.85639 -7.76299 -16.8451 -1.16124 -7.40905 -10.6584 -8.83964 -3.26589 0.459089 0.306754 -10.87 -18.3645 -14.9499 -4.56228 2.94154 0.584837 -11.7992 -20.7357 -17.3806 -5.33503 3.66242 -14.4579 -9.71215 -7.17167 
10.0143 4.4292 0.830565 0.25739 -0.400624 -4.37859 5.59374 2.68558 0.341009 0.268848 0.101782 -2.57691 2.36198 1.60957 0.60201 0.259319 -0.171972 -1.41138 -5.48202 -3.8636 -2.6301 -2.64842 -3.11842 -4.63507 -5.20167 -3.48877 -2.17677 -2.27164 -2.97258 -4.55036 -4.29866 -3.00529 -1.84942 -1.8985 -2.79568 -4.02907 -12.7968 -6.67745 -4.12195 
43.4768 37.51 24.9967 11.6417 -4.33489 -24.9481 50.7069 45.3392 29.9345 12.5057 -8.29992 -34.2546 53.5303 51.1512 35.4012 12.4957 -13.7068 -39.4607 7.92562 9.22365 3.27469 -1.26091 -2.92983 -2.01864 7.4525 10.1906 3.24672 -3.98147 -7.31361 -3.56922 5.95656 9.55812 3.42055 -5.55387 -9.34832 -4.05635 9.73459 3.97424 1.98902 
5.65027 6.06245 3.2861 -0.701057 -3.46056 -5.19063 12.9095 11.8072 5.46181 -1.12795 -6.27171 -11.0767 18.0458 15.4692 7.90458 -1.04252 -9.24967 -15.7923 3.99704 2.69678 0.142086 -0.0489903 1.27067 2.95864 8.95204 4.75582 -0.71024 -0.897821 1.93889 6.53313 10.3923 5.48142 -0.476332 -1.27163 2.73952 8.42975 4.34489 3.58225 2.92567 
23.466 14.7706 7.08342 3.10815 -2.29529 -13.6077 21.159 15.8406 9.10069 4.22397 -2.93822 -14.0131 17.3865 15.7007 10.4617 3.95544 -4.12166 -12.6314 -17.3118 -14.0167 -12.8617 -14.5438 -18.3104 -21.4361 -18.7471 -14.2782 -14.4478 -18.084 -23.2162 -24.5189 -17.141 -12.6823 -13.0986 -17.5494 -22.0061 -22.0572 -50.5246 -31.099 -20.8803 
3.93882 3.10527 1.81224 0.354277 -1.68624 -3.59391 8.45235 6.94367 3.79845 0.628852 -3.09512 -7.26958 11.756 10.2458 6.05989 0.773799 -4.84333 -9.84808 -2.32616 -1.97568 -0.710171 0.124141 0.124126 -1.27079 -6.2857 -5.18946 -1.73568 0.40459 0.390126 -3.07881 -8.02297 -7.03347 -2.73786 0.471145 0.0797095 -4.12635 -1.74014 -2.00295 -1.89998 
23.2758 12.8112 3.73526 -0.476182 -4.70609 -14.1745 21.5889 14.0084 4.12359 -0.550266 -5.28916 -15.3102 18.3971 14.5265 6.52764 -0.625065 -7.7603 -15.4356 -14.3098 -6.17305 -1.75341 -0.82705 -2.07386 -7.31731 -13.3686 -7.03386 -1.0568 0.354163 -1.32365 -8.09822 -11.001 -7.02524 -1.305 0.807473 -1.57377 -7.53894 -18.2707 -9.54484 -5.93948 
19.627 11.3537 5.18124 3.17407 0.0259747 -9.14776 13.6068 9.87649 5.61917 4.03646 1.29006 -6.39534 8.12141 8.38531 6.60319 4.44951 1.15948 -4.09278 5.27204 1.90758 0.927703 1.06557 0.485595 0.0222707 -3.68749 -2.71589 -0.868042 -0.27552 -1.01915 -3.70982 -6.89633 -5.07576 -2.17491 -0.96772 -2.08105 -5.15924 10.0227 1.92952 -0.320793 
14.2686 8.2494 0.665479 -2.48305 -2.98965 -7.38862 21.1464 14.8014 5.00973 -1.77234 -7.45227 -15.2439 24.3661 19.58 9.61837 -1.15476 -11.7386 -20.546 -2.10072 0.694547 -2.60968 -8.69271 -12.0824 -9.26787 -3.04557 1.3582 -5.81227 -17.4719 -23.4985 -16.4723 -4.0055 1.13137 -7.9106 -21.863 -27.5451 -18.7697 -13.1987 -11.112 -9.19202 
17.0241 7.70253 -1.29926 -0.254966 1.11002 -7.31866 20.1133 12.1909 1.94522 -0.313223 -2.23524 -12.0186 19.3811 15.1276 6.8694 -0.0654971 -6.92413 -15.0336 -1.43104 1.56686 9.87488 16.0527 13.6217 5.22598 -7.32641 -2.40601 13.385 24.3263 19.4115 3.67314 -9.76881 -4.22607 13.4344 25.5691 19.904 2.25702 23.4451 14.0769 9.40599 
61.2024 35.5724 11.9899 -2.33603 -16.6613 -40.4887 66.098 47.5497 16.0536 -2.92002 -21.4787 -51.7319 67.3172 55.1308 25.7467 -3.14884 -31.3777 -58.6187 11.8199 2.39015 0.396665 0.246813 0.921011 4.15246 7.17036 1.83398 -0.825045 -0.625964 0.423996 3.88431 4.25106 1.26689 -1.39551 -1.39706 0.518617 3.34868 12.7148 5.43143 2.96334 
57.0716 35.9363 13.2693 -0.967605 -15.0662 -37.7272 65.3711 48.7137 17.7905 -1.22578 -19.5433 -49.9444 67.3541 56.466 27.8223 -1.00001 -29.3335 -57.3619 -20.2417 -6.44345 -1.62602 -1.0896 -1.64471 -6.73305 -13.5583 -6.77709 -1.7268 -1.14318 -1.52277 -6.77047 -9.88349 -6.92186 -2.74954 -1.37585 -2.39167 -6.53229 -22.6535 -10.3366 -6.14961 
9.84038 8.11234 -0.677526 -3.64888 -1.45842 -3.20944 18.2944 14.0608 0.949238 -6.31228 -7.42178 -11.6593 22.6145 16.9618 4.7349 -6.35161 -13.9977 -20.055 5.05681 -0.475607 -0.465153 5.16926 6.69199 5.91467 8.54738 -2.40429 -2.45575 8.67461 15.8608 15.3313 9.3032 -2.81286 -2.71471 9.51885 20.3375 20.1888 8.1338 7.16376 6.0464 
15.6372 6.82362 -1.23628 -3.90169 -5.26436 -10.0462 14.0937 6.99409 -1.3107 -4.98306 -7.07399 -11.2899 11.2975 6.53024 -0.205003 -5.24922 -8.86509 -11.5064 6.57538 3.092 3.63729 4.31868 3.82612 4.8833 1.48606 0.989865 2.54767 3.06217 1.97001 1.34479 -1.25705 -0.0516241 1.62977 1.87723 0.457473 -1.03129 17.48 7.46994 3.69413 
5.95007 5.33587 1.08825 -2.3357 -2.89964 -3.63689 11.7766 9.78416 2.18929 -3.61285 -6.3816 -9.10513 15.8584 12.2347 4.07268 -4.01679 -10.2608 -14.5881 -3.41664 -0.672449 1.17361 -0.429592 -2.85549 -4.03758 -7.99159 -0.894675 3.11945 -0.514909 -6.41069 -10.0211 -10.0098 -1.06741 3.4924 -0.820569 -8.93871 -13.5801 -3.5779 -3.28786 -2.89972 
15.4377 8.1914 1.37446 -1.21613 -3.44457 -8.92743 10.8483 6.14356 0.686936 -1.436 -2.97465 -7.14597 7.5049 5.18973 1.51564 -1.27984 -3.66053 -6.32726 -10.4982 -13.0977 -12.6749 -11.8612 -10.4527 -9.86496 -6.24628 -9.228 -10.2311 -9.33779 -7.60735 -5.93431 -3.49048 -5.8699 -7.57072 -7.11893 -5.09433 -3.21362 -42.4331 -19.9645 -11.2916 
21.2594 16.7689 8.21774 0.826078 -6.78739 -16.1385 31.3568 25.6016 11.6569 0.812557 -10.2722 -25.0368 36.0629 31.1376 16.7869 0.788448 -15.4293 -30.4647 -14.6435 -6.68649 -1.61403 -0.2904 -0.851622 -5.51675 -11.9324 -6.70475 -0.372952 1.77803 0.936725 -5.13607 -8.90486 -6.20916 -0.451077 2.64658 1.24755 -4.41241 -17.8928 -8.47204 -4.81361 
16.712 10.0885 1.95568 -0.303947 -2.98992 -11.039 20.6169 13.6673 3.42161 -0.258865 -4.23417 -14.6523 19.5581 15.5871 7.1456 -0.176148 -7.58284 -16.0653 22.1157 11.9345 2.40493 0.128488 4.11894 14.55 36.7903 20.5196 0.696734 -2.90437 4.56463 25.2055 39.2798 23.4739 1.87048 -4.10934 7.23569 28.8848 24.717 17.5156 13.1675 
20.8676 15.1084 6.11095 -0.236623 -6.34604 -15.2471 27.0144 20.6877 8.14539 -0.213082 -8.44353 -20.9037 27.9482 23.5034 11.8538 -0.180947 -12.1669 -23.6923 15.9199 6.17964 1.13435 0.427718 1.58518 6.71674 12.1602 5.45045 -0.510771 -1.38769 0.103028 6.15216 8.11015 4.41626 -0.676241 -2.26105 -0.122462 5.00109 19.3757 9.22756 5.17956 
26.6234 17.0357 11.8452 11.5955 5.46216 -11.7868 21.7391 18.2632 14.4499 13.5221 7.27863 -9.12415 15.8591 18.4388 17.1381 13.6073 5.99722 -6.25768 5.0418 9.77476 7.16653 2.19919 -4.41961 -6.09869 0.129069 8.98075 8.1061 1.00347 -8.42491 -11.0989 -2.65729 6.99948 7.81326 -0.0728564 -9.69818 -11.5301 10.9349 3.55014 1.19541 
28.6105 25.2529 13.7149 -2.18113 -17.5102 -26.749 36.6471 31.8802 18.3252 -2.04911 -21.5057 -33.067 42.5358 36.3195 20.4984 -1.67486 -23.2071 -37.6535 9.20253 2.41184 -6.35128 -8.53158 -5.53092 4.07002 13.8948 4.45052 -9.97746 -15.2871 -8.43617 6.20356 14.4704 5.29553 -10.832 -17.8078 -9.40948 6.7452 -1.67442 -1.51961 -1.26642 
36.3237 26.4698 17.9296 12.445 1.3724 -18.6905 31.0329 26.7099 20.4776 15.5485 4.15058 -16.8877 25.5206 27.8029 23.9294 16.1039 3.19733 -13.891 -8.58514 -2.92776 -3.73775 -6.99448 -9.70833 -12.0944 -7.86245 -0.132889 -0.635487 -6.72442 -13.2757 -15.2961 -7.62489 0.653184 1.03837 -6.22423 -13.938 -14.9894 -25.0885 -13.0943 -8.31804 
36.0782 20.6356 -0.183835 -12.9568 -17.6772 -25.2832 34.8552 21.4485 -1.36578 -15.4026 -21.5792 -29.164 31.039 19.3292 0.296156 -15.422 -25.8324 -31.9707 8.50188 -3.94333 -5.00564 0.0808033 6.88902 11.2574 3.42684 -10.4146 -11.8035 -2.36299 7.78957 11.2729 -0.3861 -12.7469 -14.118 -3.74543 7.75812 9.67009 14.0502 4.6368 1.56843 
23.9043 13.8515 3.00897 -0.581121 -4.07519 -14.6487 25.8743 15.9367 3.20884 -0.898273 -4.82471 -16.8672 21.332 16.2095 6.36794 -1.30251 -8.66775 -17.5066 -29.5476 -15.1605 -3.38638 -0.0612517 -2.87044 -14.752 -43.5138 -25.9127 -3.95464 1.76755 -2.64405 -24.8168 -43.112 -29.6381 -7.26067 2.16655 -5.42638 -28.0336 -29.5167 -20.8503 -15.5668 
17.3067 17.8373 6.02825 -6.59104 -14.1679 -14.7437 33.3972 28.3672 10.5403 -7.95933 -21.1792 -29.3334 42.7862 34.441 15.0748 -7.31084 -26.4052 -39.3732 13.7654 3.68471 -2.08735 -0.0615309 7.11762 13.4873 20.8624 4.74016 -6.26813 -3.07573 8.5049 20.9654 21.0452 5.32966 -7.27031 -4.62916 9.28361 22.2913 17.5885 11.3772 7.92849 
3.12843 2.11602 0.790395 -0.0842139 -0.895097 -2.14896 4.49231 3.42068 1.35402 -0.120467 -1.48785 -3.44871 5.26758 4.37951 2.21824 -0.108408 -2.37196 -4.44627 -0.35168 -0.279636 -0.161812 -0.152847 -0.193303 -0.312625 -0.693551 -0.453573 -0.200579 -0.220484 -0.342341 -0.594845 -0.826865 -0.51906 -0.228382 -0.245086 -0.475008 -0.768084 -0.608248 -0.464259 -0.365202 
5.81923 2.87462 -0.768292 -0.609607 -0.284933 -2.00042 7.48033 4.22501 -0.873981 -1.82115 -1.83818 -4.29642 7.52432 4.87083 0.479588 -2.49788 -4.52623 -6.66225 1.43275 -1.28366 0.235051 2.12468 2.6006 2.48298 2.15706 -2.65008 -0.446567 4.52796 6.6686 5.99282 2.23391 -2.77005 -0.833679 5.50112 9.47538 8.11296 2.77194 2.4207 2.10724 
17.3814 6.54079 1.06591 0.57022 -0.130305 -6.13887 8.15652 3.38931 0.401381 0.684724 0.881244 -2.64522 1.7139 1.0572 0.443696 0.760642 0.94799 -0.247508 -19.8427 -8.95409 -1.59205 -0.032366 -1.59496 -9.35305 -23.3287 -13.1673 -1.79395 0.375303 -1.59505 -13.1616 -21.6127 -14.4408 -3.54585 0.327393 -3.36798 -14.237 -20.697 -12.5691 -8.76724 
24.4921 9.09178 -5.72091 -9.73207 -10.4593 -16.0319 16.8563 4.94373 -7.81745 -11.4625 -11.9649 -14.8566 10.4139 2.04096 -7.23595 -12.0728 -13.81 -13.7016 -0.379624 -8.10452 -4.67373 0.281421 3.3208 4.84368 -3.60849 -10.8761 -6.85579 -0.0921487 4.23602 4.25128 -4.69414 -10.1586 -7.43554 -0.438504 4.36318 2.80934 -0.735348 -1.80442 -1.73945 
