52.5783 36.0514 16.0395 0.884968 -13.951 -34.1617 46.8752 32.9215 16.1511 1.94973 -12.3413 -30.6401 31.411 23.9376 13.593 2.94434 -8.56614 -21.2104 -1.89098 -1.78575 -2.27544 -2.20429 -2.31056 -2.5698 1.06493 -0.794744 -3.51921 -4.06502 -3.94015 -2.46815 0.0543537 -0.808931 -3.4924 -4.97778 -4.64313 -2.66797 -7.41813 -3.99891 -2.66702 
1.03056 0.304542 -0.298486 -0.497818 -0.547052 -0.726789 2.9366 0.76827 -0.677758 -0.926285 -0.896033 -1.46694 5.94559 1.45078 -1.13291 -1.50462 -1.53387 -2.7669 0.326807 0.188938 0.297988 0.366307 0.407383 0.406694 1.02693 0.368643 0.763085 0.914366 1.06152 1.08962 1.94512 0.605557 1.48927 1.87448 2.17653 2.34797 0.673751 0.630905 0.592204 
30.0459 22.9326 11.5295 1.38415 -8.73072 -20.73 35.8275 27.5805 14.5713 1.54831 -11.3915 -25.0884 29.2348 23.3367 13.0089 1.36907 -10.5095 -21.4282 -10.1803 -11.0446 -9.81909 -8.90281 -8.60438 -9.43969 -5.49861 -10.0612 -12.9336 -13.0953 -11.845 -9.28339 -0.408746 -4.44319 -9.16682 -10.989 -9.30297 -4.84871 -28.2844 -19.441 -14.2229 
4.22167 3.45808 -1.32295 -3.53362 -1.92015 -1.34129 16.1721 8.8802 -3.34036 -9.39111 -8.3267 -8.51953 26.9983 12.5539 -3.55462 -12.2485 -15.1989 -19.251 2.86413 0.430809 0.0676082 1.8346 2.67467 2.58346 7.45682 -0.464275 -0.578875 4.21217 8.13973 9.39618 7.87148 -2.18145 -1.47417 4.3728 10.6806 14.8204 2.72434 3.42081 3.52357 
1.30914 1.18538 0.344587 -0.763105 -1.47945 -1.52256 5.33884 3.77703 0.583324 -1.55864 -2.91783 -4.21244 12.3081 5.9573 0.277472 -2.64289 -4.63882 -7.69707 -0.931139 -0.560378 -0.174833 -0.189315 -0.510106 -0.917553 -3.29675 -1.10139 -0.334154 -0.518623 -1.11411 -2.33787 -5.58469 -1.21143 -0.520478 -1.13884 -2.25928 -4.349 -1.02386 -1.06062 -1.02602 
20.3567 10.3532 2.30732 -0.711324 -3.80237 -12.2978 18.1959 6.71055 0.383834 -0.419378 -1.53865 -8.48872 8.35803 2.28561 -0.231193 -0.120638 -0.261844 -3.21417 23.715 8.6605 1.15079 0.209816 4.06847 14.6214 26.2128 7.27351 -0.590659 -1.37706 2.79587 14.4089 14.1062 2.70156 -2.02935 -2.57016 0.0982466 7.14053 26.3725 17.2831 12.214 
12.0498 4.92344 0.289889 0.000345538 -1.75252 -7.11566 14.9298 6.46322 0.464644 -0.508109 -2.14261 -7.809 12.2229 6.12522 0.681132 -1.27726 -2.8803 -6.96619 9.86365 16.2519 13.371 7.38289 2.47577 2.73577 7.34841 15.6045 12.659 5.71384 0.182071 -0.270059 1.35144 6.28918 5.02424 1.16844 -2.11722 -2.77305 27.5304 17.3319 11.7832 
37.9983 22.0302 6.15865 -5.94916 -16.9338 -30.2285 41.3144 20.9746 2.99341 -8.48516 -17.6878 -30.7616 29.6015 14.3492 0.109852 -9.21317 -15.7972 -23.765 -18.5131 -8.73826 -3.92949 -2.93286 -3.97985 -10.1018 -15.9987 -9.71342 -5.51439 -3.41139 -3.35701 -7.87409 -9.30334 -7.72833 -5.08961 -3.08237 -2.07027 -4.10406 -25.3225 -15.5725 -10.7637 
27.5276 16.9542 6.22688 -0.763336 -7.57055 -18.1263 23.4548 12.2841 3.83639 -0.808568 -5.33092 -13.8139 11.2198 5.36123 1.59023 -0.675171 -2.88663 -6.72059 10.0382 3.72834 0.42273 -0.179802 0.923135 4.69454 7.47836 1.80576 -0.644114 -1.0331 -0.0335123 2.92026 1.49152 -0.117629 -0.970364 -1.13943 -0.681248 0.398619 11.3652 6.34952 3.91461 
39.5266 22.2538 7.70427 -0.712925 -9.6482 -25.5353 32.3782 15.4473 4.56184 -0.38157 -5.97532 -18.8855 15.4036 6.88756 2.04633 -0.143838 -2.77469 -8.84125 -7.90893 -2.88253 -0.741902 -0.351076 -1.01165 -3.95267 -6.31328 -2.45818 -0.821467 -0.537569 -1.0295 -2.82176 -2.64434 -1.57241 -0.89144 -0.754768 -0.979178 -1.17645 -9.25173 -5.31436 -3.55349 
21.5622 11.9609 3.03754 -1.31468 -5.21972 -13.3064 16.4898 6.95521 0.521934 -1.4354 -3.0294 -8.47237 5.12234 0.924438 -0.995667 -1.28309 -1.23309 -2.25449 -0.0637579 -0.522875 0.240817 0.761082 0.173985 -0.56588 -5.43505 -3.35283 -0.451114 0.46946 -0.591867 -3.55507 -9.36961 -4.14959 -0.684803 0.0177397 -0.960169 -4.42673 1.99692 -0.033927 -0.854045 
5.67359 3.73458 1.56696 -0.0159711 -1.63186 -3.87466 7.29868 4.09218 1.40219 -0.0456619 -1.48844 -4.21698 6.0629 3.06845 0.891986 -0.147063 -1.13713 -3.19478 3.02487 2.15557 1.09059 0.641043 0.796797 1.72453 3.82076 2.34651 0.99659 0.459264 0.612586 1.78567 2.48928 1.33136 0.552799 0.221988 0.307263 1.02533 4.52974 3.15741 2.32174 
0.358924 -0.153193 0.317476 0.893391 0.451956 -0.469231 6.38554 2.56889 3.15627 3.68187 1.22762 -4.06798 17.8308 11.3561 9.07005 6.52485 1.5178 -7.99779 -0.568315 -0.586891 -0.757285 -0.527632 -0.164777 -0.233087 -4.00095 -4.02108 -3.74438 -2.23879 -0.732783 -0.942716 -8.11802 -12.4665 -7.9384 -4.1942 -1.44308 -1.51983 -0.275866 -0.777013 -1.07121 
40.8992 23.5351 5.0686 -9.79974 -21.9276 -33.4165 39.1179 21.3324 2.09461 -12.5394 -22.5981 -31.7705 27.4526 14.1932 -0.662028 -12.3006 -19.2756 -24.471 8.76965 1.23885 -0.667229 -0.643892 2.70718 8.55436 7.7647 -0.71363 -2.88293 -2.1491 2.03798 8.16792 2.38375 -2.88991 -4.09813 -3.04636 0.494786 3.85206 11.4342 6.49292 4.18702 
28.6716 22.0501 13.9468 7.81573 -1.42857 -16.0831 24.8029 18.4813 13.3049 10.2559 2.98786 -11.9532 12.0063 10.7119 9.42383 8.62297 4.66841 -4.19837 -12.4509 -7.54309 -6.74741 -8.69651 -11.1741 -13.9927 -10.1298 -5.30887 -5.77697 -9.26144 -13.8844 -16.3176 -4.83743 -1.60978 -2.08043 -4.68058 -8.15222 -9.52192 -30.4211 -20.1635 -14.4744 
12.7389 9.45228 4.26359 -0.465292 -5.02454 -9.7144 19.7445 12.0494 4.50981 -0.523451 -5.48327 -13.0259 20.5581 11.6534 4.06661 -0.449018 -5.00395 -12.8032 -9.27704 -4.05256 -1.0151 -0.49872 -1.40787 -4.79056 -9.94896 -3.18806 -0.531204 -0.189514 -0.987156 -4.26697 -4.28644 -1.28923 -0.263904 -0.156984 -0.612439 -1.85699 -10.5791 -6.95656 -4.89241 
23.219 15.4587 7.93547 3.67019 -2.0329 -12.958 13.7762 8.475 5.00549 3.85419 1.51031 -5.32622 0.955851 1.21006 2.15872 3.10493 3.29667 1.9133 -4.04624 -2.42776 -3.12661 -4.19681 -4.30563 -4.37458 -0.881659 -0.96258 -3.09583 -4.43617 -4.32595 -2.92531 1.97972 0.407413 -1.77137 -2.76029 -2.2276 -0.42649 -12.4102 -7.34606 -4.85115 
8.05319 5.22458 2.4771 1.1021 -0.635184 -4.33329 7.00011 4.00533 1.88851 1.2232 0.206458 -2.88259 3.12276 1.88443 1.19597 1.04092 0.616785 -0.837856 -1.36183 -0.824743 -0.566811 -0.537327 -0.65808 -1.10154 -1.2731 -0.718969 -0.480888 -0.421563 -0.539198 -0.946191 -0.337254 -0.23316 -0.116856 -0.0492037 -0.0995531 -0.298868 -2.56435 -1.68398 -1.177 
53.7473 33.5371 13.8708 -0.326635 -14.6295 -34.674 61.9612 36.0513 13.8856 -0.326335 -14.8003 -37.729 58.3579 33.1378 12.2936 -0.421899 -13.2837 -35.1333 15.3865 5.38926 1.28856 0.561266 1.21345 5.64113 14.5137 4.01148 0.694968 0.248613 0.647083 4.21403 7.67351 1.41778 -0.548209 -0.844229 -0.457991 1.56807 15.9023 9.2787 6.23404 
37.0896 29.3973 21.826 13.5671 -1.33547 -20.8985 30.6905 24.4832 20.3264 16.1344 3.5019 -15.7566 16.182 16.0017 15.463 13.7072 5.77913 -6.39398 4.88772 8.6724 3.61957 -2.63648 -4.47569 -3.42278 4.22316 8.66484 3.8879 -3.64117 -7.75188 -6.51011 0.891324 4.29621 2.18621 -2.72579 -6.36463 -5.76837 4.76568 2.14856 1.0243 
15.2693 10.5963 7.37032 7.32072 4.42865 -5.74685 14.8459 10.5246 7.62063 7.73071 5.7569 -3.67809 8.16216 7.10734 5.80419 5.5222 3.89161 -1.38559 2.14729 5.47726 4.67462 2.92576 -0.774911 -2.75466 0.553687 5.47781 4.99528 2.92988 -1.45291 -5.16722 -1.11999 2.33967 2.75138 1.57741 -1.06115 -3.4784 6.56488 3.90892 2.51588 
1.38429 -0.212401 0.201725 1.20738 0.347275 -1.86149 9.87351 3.46676 4.44221 5.85725 2.31179 -6.35499 21.5533 14.1314 11.9054 9.8937 3.67732 -9.46189 1.02014 0.322985 0.636731 0.620653 -0.0913145 0.22119 5.46667 4.96386 4.79973 2.68874 -0.300948 -0.0519008 8.10169 14.6081 9.62412 3.91433 -0.774484 -1.55705 -0.157918 0.718055 1.19923 
1.34358 0.972932 0.446498 -0.0341066 -0.513075 -1.00307 2.90993 1.80949 0.746634 0.0425736 -0.706827 -1.87739 5.5606 2.96149 1.15352 0.164404 -0.834199 -2.89184 -0.302402 -0.287374 -0.223288 -0.184029 -0.178893 -0.233586 -0.734809 -0.562251 -0.458519 -0.370336 -0.346357 -0.455118 -1.3431 -1.06737 -0.804724 -0.701761 -0.636367 -0.732499 -0.551758 -0.455837 -0.392377 
22.9274 16.2774 6.41072 1.45646 -3.59059 -14.2222 30.3112 20.8269 8.54122 1.61017 -5.74539 -18.9364 27.7993 19.781 9.08431 1.02988 -7.25592 -18.5002 2.89411 5.85122 11.0867 15.166 13.2266 8.34706 -1.06882 3.10402 10.4239 15.387 13.4574 6.63058 -4.26142 -1.83833 3.08156 6.60319 5.56116 0.642659 29.4342 18.9604 13.1528 
49.2744 31.0236 12.56 -1.23898 -15.1602 -33.7261 61.5101 34.6472 12.6525 -1.19044 -15.3863 -38.1048 59.887 32.6567 11.336 -1.09003 -13.8038 -36.0956 -19.5691 -6.04884 -1.03061 -0.352584 -1.32123 -7.1138 -18.1579 -4.86579 -1.03078 -0.526894 -1.18366 -5.88833 -10.9913 -3.48677 -1.5353 -1.15658 -1.45628 -4.22224 -18.8056 -11.0946 -7.47472 
21.2141 7.68944 -7.70733 -14.3908 -12.9888 -15.9951 26.3762 8.8027 -9.43286 -15.836 -15.0634 -19.2827 21.3205 8.04112 -5.8467 -11.723 -13.0227 -16.9356 4.59455 -2.27159 -0.878685 6.15006 11.1971 11.5611 3.42403 -6.00999 -2.76906 6.48724 12.4894 12.4755 0.566822 -5.89093 -2.81478 3.66556 7.34803 6.79139 15.9393 10.0995 6.96444 
0.111177 2.27666 2.9779 0.201827 -2.89092 -2.58635 12.2462 12.4495 7.49871 0.508306 -6.79425 -12.6631 31.8958 22.0003 9.73723 0.640272 -8.47759 -21.4164 -2.41116 -2.46965 -1.06658 -0.221034 -0.909983 -2.33072 -13.5111 -7.9749 -2.69339 -0.925768 -2.15342 -7.28082 -21.7926 -10.8545 -3.6399 -1.8865 -3.11342 -9.21801 -1.5797 -2.943 -3.53343 
35.5396 25.8146 14.0601 3.7433 -7.50778 -22.4926 38.3994 26.6923 14.5936 4.92254 -6.10943 -22.197 29.1544 21.1769 12.4554 5.06179 -4.0518 -16.5977 19.5752 11.339 3.16056 0.64052 1.38235 6.60112 16.603 9.45014 1.83913 -0.88326 -0.222128 4.20992 5.68918 3.92563 0.0240781 -2.31263 -2.24947 0.249276 23.4297 13.7679 9.09075 
11.3209 10.0141 9.33049 9.65319 5.71314 -3.38846 21.0739 16.2543 12.5935 11.7334 5.86683 -7.51097 25.0461 18.5875 12.5095 9.15621 2.18699 -11.4965 -3.68727 -6.69705 -6.31765 -4.03328 -0.698149 0.213616 -5.13724 -10.8883 -10.3201 -6.24545 -1.07351 0.552995 -4.4949 -9.56193 -9.29925 -6.19459 -2.25877 -0.892179 -8.84278 -7.09023 -5.81829 
18.9704 10.338 2.94151 -0.134268 -3.23577 -10.7999 18.1496 7.00736 1.02185 -0.125595 -1.26249 -7.67543 8.91964 2.86642 0.160674 -0.0636737 -0.246879 -3.14841 -23.2496 -10.2209 -2.2706 -0.413873 -2.4598 -11.1038 -29.9156 -11.3161 -2.07654 -0.232439 -2.24649 -12.2644 -20.5227 -7.23324 -1.32071 -0.109252 -1.55812 -8.03693 -23.1972 -16.3889 -12.2887 
6.04188 2.71992 -0.105233 -0.458113 -0.705952 -3.16893 10.3854 4.62266 0.11252 -0.564833 -1.05947 -5.03348 12.5748 6.34488 1.26315 -0.35548 -1.84176 -6.52791 -9.34495 -10.2013 -9.40662 -8.88679 -8.75045 -9.32422 -7.18594 -9.42241 -8.88808 -8.1468 -7.99185 -8.20795 -1.99132 -3.67391 -3.43308 -3.03067 -2.93898 -2.93186 -28.4155 -18.7904 -13.157 
12.1032 13.1214 7.92315 -0.142474 -8.23293 -13.084 32.3191 24.0971 10.823 -0.0850159 -11.1291 -24.4311 46.1442 28.5479 10.9742 0.0298192 -11.0575 -28.9695 -14.4617 -7.05248 -1.49973 -0.148751 -1.56811 -7.24279 -25.9143 -9.1016 -1.73365 -0.367901 -1.74197 -9.62439 -21.9853 -7.41213 -2.0724 -1.10034 -2.14606 -8.02152 -12.8713 -10.7645 -8.82576 
28.5497 15.5466 -0.468028 -10.06 -14.9798 -21.787 20.6512 9.09107 -4.87459 -11.3496 -12.7571 -15.7904 7.16856 0.819517 -5.92038 -8.75424 -8.31017 -7.72978 -5.96815 -10.0787 -9.08059 -6.97914 -3.95892 -2.4165 -3.5605 -10.7572 -10.5703 -7.08805 -3.1109 -0.449061 -1.14461 -5.31905 -5.68995 -3.67732 -1.30364 0.360766 -20.1574 -12.6551 -8.83381 
0.755396 0.416193 0.125396 0.0127506 -0.103528 -0.405079 0.958682 0.461323 0.132719 0.0286979 -0.0846749 -0.442432 1.44865 0.574853 0.169135 0.0575018 -0.0748222 -0.532616 0.0156345 0.0187978 0.0111856 0.00514322 0.00374254 0.00399838 0.0204175 0.0359244 0.0144345 0.00214376 -0.00361671 -0.00885161 0.027266 0.0731867 0.0268846 0.000517271 -0.0135563 -0.0163501 0.0310983 0.0194939 0.0133297 
0.549867 0.516199 -0.243998 -0.251336 0.048495 0.0927512 5.99451 2.88326 -1.95206 -2.70659 -1.88484 -1.92441 15.2954 5.22312 -3.63483 -6.3145 -7.09836 -8.86147 0.417059 0.0699133 0.125962 0.236491 0.137511 0.111073 3.12912 -0.261689 0.732537 1.92014 2.30642 2.56221 5.55981 -1.37306 0.985564 4.2073 6.92085 9.52084 -0.229126 0.228473 0.514687 
18.3346 16.5915 8.22088 -1.31016 -10.4462 -17.2197 37.9681 25.8658 10.1842 -1.67784 -13.3223 -27.9061 48.1801 28.1027 9.64766 -1.79045 -12.8795 -30.628 20.9329 8.12095 1.4919 0.363303 2.23667 9.94683 28.1933 7.87749 0.937823 0.0282773 1.78008 10.5091 19.1781 4.40279 -0.118812 -0.656723 0.796719 6.5815 19.976 14.2857 10.6725 
14.4697 4.14867 -6.92066 -13.1986 -14.3256 -14.8631 26.9219 10.6735 -5.2253 -14.0062 -17.829 -22.6696 32.1083 16.7965 0.0471243 -10.0042 -16.3749 -24.5068 -4.87861 -0.648284 -1.264 -4.45219 -7.452 -8.06039 -6.82886 -1.24317 -1.80827 -5.5989 -9.88653 -11.5224 -5.62216 -2.6582 -2.84322 -5.03859 -7.84499 -9.02435 -11.8569 -8.96972 -7.05812 
1.21573 4.86416 4.98588 0.250545 -4.78535 -5.06154 17.7212 17.6472 9.95293 0.566531 -9.21145 -17.7475 39.0742 26.3885 11.3278 0.744941 -10.2171 -26.1078 5.26484 4.23515 1.40341 0.171473 1.22159 4.03421 19.0223 9.09878 2.17692 0.262552 1.63646 8.5122 23.7726 8.99035 1.87423 -0.0134023 1.20457 8.15198 4.33246 5.53379 5.58821 
4.41811 0.575709 -1.90814 -0.100429 2.31982 0.0764045 12.8973 3.71062 -2.21373 0.706285 4.46621 -1.8144 16.9593 7.76441 0.550291 1.91883 3.0655 -5.53382 0.338586 1.3852 3.25349 4.75073 4.20433 1.25642 -0.373374 2.75139 7.2889 10.5021 8.22375 1.11401 -1.58969 2.44097 8.87957 12.9845 8.42215 0.241936 5.52539 5.02319 4.47254 
8.07705 6.12457 3.10718 0.0665943 -2.98362 -5.98589 12.1147 8.4933 3.93988 0.0899777 -3.7545 -8.32373 15.3535 9.94912 4.2147 0.121193 -3.9337 -9.74282 0.0733868 -0.0319269 -0.11703 -0.15274 -0.0353987 0.0852022 0.480589 0.124734 -0.0372766 -0.141696 0.0423069 0.326238 0.721871 0.192735 0.109991 0.0810757 0.152769 0.309241 -0.212729 -0.0599917 0.0136535 
29.7289 29.4005 22.2975 12.7676 0.31744 -14.6099 39.306 33.9693 23.0735 12.6416 -0.620485 -18.989 39.5166 31.5731 19.8533 10.1035 -2.5617 -20.7022 -8.86739 -8.36526 -3.54359 -0.672064 -0.146353 -1.93732 -9.5776 -8.40286 -3.26266 -0.273439 -0.0853747 -2.404 -7.08916 -5.62429 -2.74079 -1.14112 -1.37437 -3.27134 -12.3298 -7.59993 -5.29173 
24.4272 16.6725 7.32772 -0.333797 -7.72954 -16.4833 31.157 20.0689 8.19303 -0.440841 -8.74147 -19.8124 33.0532 20.9665 8.28365 -0.371998 -8.77181 -20.8692 1.05233 0.403562 0.0198713 0.0131088 0.180708 0.590886 1.2569 0.284395 0.0659762 0.137348 0.217162 0.494635 0.0482794 -0.0578093 0.0864251 0.0728789 0.1124 -0.0948377 1.02774 0.767387 0.588666 
10.3584 4.70254 0.210604 -1.00512 -1.89854 -5.63072 7.48559 2.06649 -0.876752 -0.964542 -0.830244 -3.08889 2.18396 -0.13809 -1.04879 -0.765506 -0.28216 -0.673311 -7.44802 -5.07974 -2.52011 -1.73391 -2.29081 -4.70115 -7.81441 -4.83268 -2.13846 -1.37957 -1.95004 -4.44109 -4.25445 -2.51385 -0.939495 -0.466659 -0.799591 -2.31463 -12.0846 -7.85675 -5.53819 
1.7046 1.03214 -1.24163 -1.76666 -0.741608 -0.441276 9.98271 5.13819 -2.59641 -5.62889 -4.37614 -4.34848 21.6451 9.59898 -2.19807 -8.41555 -11.1584 -14.3078 -1.08442 -0.153497 -0.393982 -1.27618 -1.51845 -1.32038 -5.09178 -0.711855 -1.21213 -4.01698 -6.01481 -6.27952 -8.4392 -1.6072 -2.22135 -6.09618 -11.1777 -15.0653 -1.08383 -1.70066 -2.01625 
-1.55471 0.401118 1.45652 -0.134266 -1.6174 -0.281103 5.68219 7.6518 4.54705 -0.310386 -5.0509 -7.50127 21.9595 14.2253 5.5684 -0.386465 -6.37093 -14.7299 0.436263 1.27421 0.564404 -0.0279719 0.641416 1.21541 8.51532 5.29998 1.30972 0.0128272 1.55113 5.53782 18.433 7.00747 1.49622 0.178988 1.84594 7.8385 0.00814095 1.19024 1.80981 
14.6777 6.98863 1.33296 0.345658 -0.737786 -6.84063 8.33483 2.16723 -0.406625 0.547013 1.34766 -1.74054 -1.27181 -1.99065 -1.02033 0.666513 2.17835 2.67512 7.98352 4.12616 1.78526 1.81289 2.97752 5.64319 7.97236 3.18712 0.938404 1.12477 2.35939 5.05974 3.70694 0.974713 -0.212307 -0.150303 0.67729 2.08742 12.6238 8.06741 5.55575 
8.47165 7.62868 4.52149 0.173384 -4.3748 -7.6862 18.0264 12.3541 5.66522 0.307925 -5.35353 -12.414 22.2824 13.4435 5.38223 0.32603 -4.99086 -13.3838 8.13748 4.32349 1.24877 0.29057 1.15536 4.19134 11.3583 4.68186 1.14796 0.117538 0.92992 4.29741 6.64516 2.606 0.78319 0.251864 0.520167 2.0208 8.80498 6.51556 4.95208 
11.9037 4.2934 -3.51515 -5.57963 -5.67766 -8.18003 12.2947 2.84832 -4.65333 -6.18722 -6.10339 -8.51936 7.43698 1.38165 -3.17681 -4.65582 -4.898 -6.10197 1.91719 -1.92984 -0.38402 2.12043 3.39629 4.21277 1.11004 -3.51866 -0.784424 2.31101 3.91403 4.7135 -0.00524239 -2.19896 -0.48236 1.39857 2.39718 2.45029 4.87977 3.13116 2.14902 
14.8744 10.9973 10.124 11.9648 6.49741 -5.56573 26.1629 18.9616 15.462 15.5261 7.82407 -10.0294 28.8804 21.7661 16.1606 13.3674 4.6375 -12.8271 5.15678 9.75806 9.38836 5.47515 -0.00128488 -0.643068 6.20518 13.8512 12.7523 6.43292 -1.49986 -3.08515 3.83546 10.2465 9.26199 4.02438 -2.41024 -4.15922 13.4809 9.79865 7.44345 
0.750991 0.780563 0.878136 0.710929 0.207812 -0.419438 3.99259 2.57288 2.1239 1.70974 0.532856 -2.12162 10.1419 6.06719 4.29806 3.20415 1.20002 -3.9042 0.245352 0.259779 0.217339 0.137109 0.0908275 0.107439 1.77826 1.46554 1.04786 0.717585 0.426041 0.261889 3.6529 4.18053 2.90168 1.80855 0.93084 0.0173712 0.0984711 0.29551 0.40493 
